2025-04-14 22:14:47.837813 - Received CBT.V505.FILE024.PDS from FILE024.XMI 
2025-04-14 22:14:47.841111 - Found $$$#DATE.txt (text/plain) in CBT.V505.FILE024.PDS, moved to PDS/$$$#DATE
2025-04-14 22:14:47.841329 - Found $$DOC.txt (text/plain) in CBT.V505.FILE024.PDS, moved to PDS/$$DOC
2025-04-14 22:14:47.841505 - Found @FILE024.txt (text/plain) in CBT.V505.FILE024.PDS, moved to PDS/@FILE024
2025-04-14 22:14:47.841669 - Found APUT.txt (text/plain) in CBT.V505.FILE024.PDS, moved to PDS/APUT
2025-04-14 22:14:47.841835 - Found BXFER.txt (text/plain) in CBT.V505.FILE024.PDS, moved to PDS/BXFER
2025-04-14 22:14:47.841999 - Found CALL#.txt (text/plain) in CBT.V505.FILE024.PDS, moved to PDS/CALL#
2025-04-14 22:14:47.842162 - Found CPPL.txt (text/plain) in CBT.V505.FILE024.PDS, moved to PDS/CPPL
2025-04-14 22:14:47.842321 - Found CSPL.txt (text/plain) in CBT.V505.FILE024.PDS, moved to PDS/CSPL
2025-04-14 22:14:47.842608 - Found DATA#.txt (text/plain) in CBT.V505.FILE024.PDS, moved to PDS/DATA#
2025-04-14 22:14:47.842920 - Found DO.txt (text/plain) in CBT.V505.FILE024.PDS, moved to PDS/DO
2025-04-14 22:14:47.843277 - Found DOWHILE.txt (text/plain) in CBT.V505.FILE024.PDS, moved to PDS/DOWHILE
2025-04-14 22:14:47.843587 - Found DOWHLOR.txt (text/plain) in CBT.V505.FILE024.PDS, moved to PDS/DOWHLOR
2025-04-14 22:14:47.844108 - Found ELSE.txt (text/plain) in CBT.V505.FILE024.PDS, moved to PDS/ELSE
2025-04-14 22:14:47.844438 - Found END#.txt (text/plain) in CBT.V505.FILE024.PDS, moved to PDS/END#
2025-04-14 22:14:47.844736 - Found ENDDATA#.txt (text/plain) in CBT.V505.FILE024.PDS, moved to PDS/ENDDATA#
2025-04-14 22:14:47.845026 - Found ENDDO.txt (text/plain) in CBT.V505.FILE024.PDS, moved to PDS/ENDDO
2025-04-14 22:14:47.845339 - Found ENDIF.txt (text/plain) in CBT.V505.FILE024.PDS, moved to PDS/ENDIF
2025-04-14 22:14:47.845658 - Found ENTRE#.txt (text/plain) in CBT.V505.FILE024.PDS, moved to PDS/ENTRE#
2025-04-14 22:14:47.845964 - Found EOJ.txt (text/plain) in CBT.V505.FILE024.PDS, moved to PDS/EOJ
2025-04-14 22:14:47.846286 - Found EPUTL.txt (text/plain) in CBT.V505.FILE024.PDS, moved to PDS/EPUTL
2025-04-14 22:14:47.846607 - Found EXFER.txt (text/plain) in CBT.V505.FILE024.PDS, moved to PDS/EXFER
2025-04-14 22:14:47.846928 - Found EXIT#.txt (text/plain) in CBT.V505.FILE024.PDS, moved to PDS/EXIT#
2025-04-14 22:14:47.847221 - Found GENC.txt (text/plain) in CBT.V505.FILE024.PDS, moved to PDS/GENC
2025-04-14 22:14:47.847511 - Found IEXIT#.txt (text/plain) in CBT.V505.FILE024.PDS, moved to PDS/IEXIT#
2025-04-14 22:14:47.847816 - Found IF.txt (text/plain) in CBT.V505.FILE024.PDS, moved to PDS/IF
2025-04-14 22:14:47.848131 - Found IFOR.txt (text/plain) in CBT.V505.FILE024.PDS, moved to PDS/IFOR
2025-04-14 22:14:47.848456 - Found INIT#.txt (text/plain) in CBT.V505.FILE024.PDS, moved to PDS/INIT#
2025-04-14 22:14:47.848619 - Found INUSE.txt (text/plain) in CBT.V505.FILE024.PDS, moved to PDS/INUSE
2025-04-14 22:14:47.848773 - Found IOPL.txt (text/plain) in CBT.V505.FILE024.PDS, moved to PDS/IOPL
2025-04-14 22:14:47.848942 - Found JULDATE.txt (text/plain) in CBT.V505.FILE024.PDS, moved to PDS/JULDATE
2025-04-14 22:14:47.849123 - Found LDROP.txt (text/plain) in CBT.V505.FILE024.PDS, moved to PDS/LDROP
2025-04-14 22:14:47.849286 - Found LUSE.txt (text/plain) in CBT.V505.FILE024.PDS, moved to PDS/LUSE
2025-04-14 22:14:47.849444 - Found MAKEDAY.txt (text/plain) in CBT.V505.FILE024.PDS, moved to PDS/MAKEDAY
2025-04-14 22:14:47.849604 - Found REGS.txt (text/plain) in CBT.V505.FILE024.PDS, moved to PDS/REGS
2025-04-14 22:14:47.849810 - Found SEQCK.txt (text/plain) in CBT.V505.FILE024.PDS, moved to PDS/SEQCK
2025-04-14 22:14:47.850127 - Found SETREG.txt (text/plain) in CBT.V505.FILE024.PDS, moved to PDS/SETREG
2025-04-14 22:14:47.850452 - Found SMFID.txt (text/plain) in CBT.V505.FILE024.PDS, moved to PDS/SMFID
2025-04-14 22:14:47.850744 - Found SS#XFER.txt (text/plain) in CBT.V505.FILE024.PDS, moved to PDS/SS#XFER
2025-04-14 22:14:47.851030 - Found SS#XFR00.txt (text/plain) in CBT.V505.FILE024.PDS, moved to PDS/SS#XFR00
2025-04-14 22:14:47.851311 - Found SSXFR00.txt (text/plain) in CBT.V505.FILE024.PDS, moved to PDS/SSXFR00
2025-04-14 22:14:47.851639 - Found TSOENTER.txt (text/plain) in CBT.V505.FILE024.PDS, moved to PDS/TSOENTER
2025-04-14 22:14:47.851795 - Found TSOLEAVE.txt (text/plain) in CBT.V505.FILE024.PDS, moved to PDS/TSOLEAVE
2025-04-14 22:14:47.851955 - Found UNTIL.txt (text/plain) in CBT.V505.FILE024.PDS, moved to PDS/UNTIL
2025-04-14 22:14:47.852116 - Found UNTILOR.txt (text/plain) in CBT.V505.FILE024.PDS, moved to PDS/UNTILOR
2025-04-14 22:14:47.852283 - Found XABSM.txt (text/plain) in CBT.V505.FILE024.PDS, moved to PDS/XABSM
2025-04-14 22:14:47.852460 - Found XFERCPU.txt (text/plain) in CBT.V505.FILE024.PDS, moved to PDS/XFERCPU
2025-04-14 22:14:47.852632 - Found XFERDOC.txt (text/plain) in CBT.V505.FILE024.PDS, moved to PDS/XFERDOC
2025-04-14 22:14:47.852806 - Found XFERINST.txt (text/plain) in CBT.V505.FILE024.PDS, moved to PDS/XFERINST
2025-04-14 22:14:47.852980 - Found XFERJOB.jcl (text/plain) in CBT.V505.FILE024.PDS, moved to PDS/XFERJOB
2025-04-14 22:14:47.853134 - Found XFERUTIL.txt (text/plain) in CBT.V505.FILE024.PDS, moved to PDS/XFERUTIL
2025-04-14 22:14:47.853304 - Found XFERVOL.txt (text/plain) in CBT.V505.FILE024.PDS, moved to PDS/XFERVOL
2025-04-14 22:14:47.853453 - Found XFERWTO.txt (text/plain) in CBT.V505.FILE024.PDS, moved to PDS/XFERWTO
2025-04-14 22:14:47.853602 - Found XFER1.txt (text/plain) in CBT.V505.FILE024.PDS, moved to PDS/XFER1
2025-04-14 22:14:47.853781 - Found XFER2.txt (text/plain) in CBT.V505.FILE024.PDS, moved to PDS/XFER2
2025-04-14 22:14:47.854004 - Found XFR1DUMP.txt (text/plain) in CBT.V505.FILE024.PDS, moved to PDS/XFR1DUMP
2025-04-14 22:14:47.854203 - Found XFR2DUMP.txt (text/plain) in CBT.V505.FILE024.PDS, moved to PDS/XFR2DUMP
2025-04-14 22:14:47.854409 - Found XIX.txt (text/plain) in CBT.V505.FILE024.PDS, moved to PDS/XIX
2025-04-14 22:14:47.854694 - Found XIXHELP.txt (text/plain) in CBT.V505.FILE024.PDS, moved to PDS/XIXHELP
